1366
1368
1369
1370
1371
1373
1374
1375
1376
1378
1380
1382
1385
1386
1387
1388
1392
1393
1395
1396
1397
1398
1400
1401
1402
1403
1404
1405
1406
1407
1411
1412
1413
1414
1415
1416
1417
1418
1419
1420
1421
1422
1423
1424
1425
1426
1428
1429
1430
1432
1433
1434
1436
1437
1438
1439
1440
1441
1443
1444
1445
1446
1447
1448
1449
1451
1452
1454
1455
1456
1459
1460
1461
1464
1465
1466
1467
1468
1470
1471
1472
1473
1475
1476
1477
1478
1479
1482
1483
1484
1485
1486
1487
1490
1491
1494
1495
1496
1497
1498
1499
1500
1502
1503
1504
1506
1507
1508
1509
1510
1511
1512
1513
1514
1515
1516
1517
1519
1520
1522
1523
1524
1525
1527
1528
1529
1530
1532
1533
1534
1535
1536
1538
1539
1541
1542
1544
1545
1547
1548
1549
1550
1551
1553
1555
1556
1557
1558
1559
1560
1565
1566
1567
1568
1570
1572
1573
1574
1575
1576
1579
1580
1581
1582
1583
1584
1585
1588
1589
1590
1591
1594
1595
1596
1597
1598
1601
1602
1603
1604
1605
1606
1607
1608
1609
1610
1611
1612
1615
1616
1617
1618
1619
1622
1623
1624
1626
1627
1628
1630
1631
1632
1636
1637
1640
1643
1644
1645
1647
1651
1652
1653
1655
1656
1657
1659
1660
1661
1665
1666
1667
1668
1669
1670
1671
1672
1673
1674
1675
1676
1677
1679
1681
1682
1683
1684
1685
1686
1687
1688
1689
1690
1691
1693
1695
1696
1697
1698
1699
1700
1702
1704
1705
1706
1707
1708
1709
1710
1711
1712
1713
1714
1715
1716
1717
1719
1720
1721
1723
1724
1725
1726
1727
1728
1729
1730
1733
1736
1737
1738
1739
1742
1743
1744
1745
1746
1747
1748
1750
1751
1752
1754
1755
1756
1757
1758
1759
1761
1762
1763
1765
1766
1767
1769
1771
1772
1773
1774
1775
1776
1777
1779
1780
1781
1783
1784
1785
1786
1787
1788
1791
1792
1793
1796
1797
1798
1800
1803
1804
1806
1807
1808
1809
1810
1811
1813
1815
1816
1818
1819
1820
1821
1822
1823
1824
1825
1826
1827
1829
1831
1832
1833
1834
1835
1836
1837
1838
1840
1843
1844
1845
1846
1847
1848
1849
1851
1852
1853
1854
1856
1857
1859
1860
1861
1862
1864
1865
1866
1868
1869
1870
1871
1872
1873
1876
1877
1879
1881
1883
1884
1885
1886
1889
1890
1891
1892
1893
1894
1895
1896
1897
1898
1899
1900
1901
1902
1903
1904
1905
1906
1907
1909
1912
1914
1915
1916
1919
1920
1921
1922
1923
1925
1926
1927
1928
1930
1932
1934
1937
1938
1939
1940
1941
1943
1944
1945
1947
1948
1951
1952
1953
1954
1955
1956
1958
1959
1960
1961
1964
1965
1966
1967
1968
1969
1970
1971
1972
1973
1974
1975
1977
1978
1981
1982
1983
1984
1985
1986
1988
1991
1992
1993
1995
1996
1997
1999
2000
2001
2002
2003
2005
2008
2009
2010
2011
2012
2013
2015
2016
2018
2019
2020
2021
2022
2025
2026
2027
2030
2032
2034
2035
2037
2042
2043
2044
2046
2047
2048
2049
2051
2052
2053
2054
2055
2056
2057
2058
2060
2061
2063
2064
2065
2066
2067
2068
2069
2071
2072
2073
2075
2076
2078
2079
2081
2082
2083
2084
2085
2088
2089
2090
2091
2092
2093
2095
2096
2097
2098
2099
2101
2104
2105
2106
2108
2109
2111
2112
2113
2114
2116
2117
2118
2119
2120
2121
2122
2125
2126
2129
2131
2132
2133
2134
2136
2137
2138
2139
2140
2141
2143
2144
2145
2146
2147
2150
2151
2153
2154
2157
2158
2159
2161
2163
2164
2165
2167
2171
2172
2174
2175
2177
2178
2180
2182
2185
2187
2188
2190
2193
2195
2196
2199
2200
2201
2204
2206
2207
2208
2211
2212
2214
2217
2218
2219
2220
2221
2223
2224
2227
2228
2230
2231
2232
2234
2236
2243
2244
2246
2247
2248
2249
2251
2254
2255
2256
2257
2258
2259
2260
2261
2262
2263
2266
2267
2268
2269
2270
2271
2272
2274
2275
2276
2277
2278
2279
2280
2281
2282
2283
2284
2286
2287
2288
2289
2291
2292
2293
2296
2297
2298
2301
2302
2303
2304
2305
2306
2307
2309
2310
2312
2314
2315
2316
2319
2320
2321
2322
2324
2325
2326
2327
2329
2331
2335
2336
2337
2338
2339
2341
2342
2343
2344
2345
2346
2347
2348
2351
2352
2354
2355
2357
2358
2359
2360
2362
2363
2365
2366
2368
2370
2372
2373
2374
2375
2379
2380
2381
2382
2383
2385
2386
2387
2388
2390
2392
2393
2395
2396
2398
2399
2400
2402
2405
2407
2408
2409
2410
2412
2413
2415
2416
2417
2418
2419
2420
2422
2423
2424
2425
2426
2428
2430
2433
2434
2435
2439
2440
2441
2442
2445
2446
2448
2449
2450
2451
2452
2455
2456
2458
2460
2462
2463
2464
2466
2468
2470
2471
2473
2474
2476
2478
2480
2481
2482
2483
2484
2485
2487
2489
2490
2492
2494
2495
2496
2497
2499
2500
2501
2502
2503
2506
2508
2509
2510
2511
2512
2513
2515
2517
2518
2520
2521
